
990109-1000001	71	54	58	29	31	1001	1101
990109-1000002	78	0	77	82	71	1001	1102
990109-1000003	0	42	87	80	38	1001	1201
990109-1000004	97	88	0	95	37	1001	1202
990109-1000005	53	77	0	60	47	1001	1301
990109-1000006	30	63	65	27	28	1001	1302
990109-1000007	83	83	59	99	92	1002	1401
990109-1000008	23	70	99	25	54	1002	1402
990109-1000009	11	100	68	0	58	1002	1501
990109-1000010	11	11	80	29	0	1002	1502
990109-1000011	30	39	31	95	98	1002	1601
990109-1000012	41	28	17	17	65	1002	1602
990109-1000013	42	42	72	33	64	1003	2101
990109-1000014	21	19	59	0	46	1003	2102
990109-1000015	91	27	79	38	29	1003	2201
990109-1000016	92	64	63	43	10	1003	2202
990109-1000017	57	70	92	84	0	1003	2301
990109-1000018	55	92	44	68	51	1003	2302
990109-1000019	52	47	36	41	27	1004	2401
990109-1000020	0	25	98	0	40	1004	2402
990109-1000021	37	49	16	48	26	1004	2501
990109-1000022	63	55	16	94	66	1004	2502
990109-1000023	51	40	11	79	46	1004	2601
990109-1000024	76	60	84	0	22	1004	2602
990109-1000025	0	11	34	13	0	1005	3101
990109-1000026	54	66	55	83	0	1005	3102
990109-1000027	20	68	46	36	15	1005	3201
990109-1000028	71	93	54	0	76	1005	3202
990109-1000029	41	47	50	21	33	1005	3301
990109-1000030	10	59	17	93	10	1005	3302
990109-1000031	45	28	88	76	28	1006	3401
990109-1000032	68	26	0	0	33	1006	3402
990109-1000033	80	30	24	49	26	1006	3501
990109-1000034	35	0	49	21	87	1006	3502
990109-1000035	59	76	93	34	55	1006	3601
990109-1000036	0	64	42	97	12	1006	3602